0 280 90 280 10 10 10 10 10
10 279.66244028478 80.71801562250221 279.8795646463412 19.2819843772233 11.65647234379412 8.681087378315777 11.10536686017317 9.015068491948321
20 277.4105622332655 71.26420158328438 280.0123669497956 28.73579841567714 13.87923131220792 8.710206468279106 11.85750386531825 8.130129183079353
30 273.233802444061 61.62267911177353 280.0497682144101 38.37732088678695 16.68955707132838 10.07664050526455 12.48672996396654 7.463501820850371
40 267.1212006015667 51.97399076313371 279.6673048390813 48.02600923542851 20.07727999209837 12.80151943372063 13.19526781082773 7.137427351532722
50 259.1053447670419 42.65950640140563 278.5508718193373 57.34049359715296 23.96590421651515 16.92875105036961 14.16976231445134 7.279365871051212
60 249.3000577190366 34.126804740042 276.3906673802996 65.87319525754077 28.21989175704317 22.48005056388739 15.57430011145583 8.035032517683234
70 237.9212859488614 26.82400019835854 272.8854354316795 73.17599979416516 32.67354614921526 29.40516794695552 17.53197413768222 9.582590445357258
80 225.2769334324589 21.06137505481531 267.7549406539925 78.93862493196333 37.16331113295875 37.55975548349672 20.10626754076781 12.13879182615807
90 211.7239722143702 16.90940282798279 260.7551548066823 83.09059715531504 41.55218761198287 46.72384022430521 23.29303488720147 15.95181033120851
100 197.6114050399506 14.2049148048467 251.6900492188785 85.79508517845112 45.74110870735605 56.64748630335164 27.02762607171073 21.28232473450296
110 183.2368503873183 12.65730242884137 240.4166238045081 87.34269755445642 49.66763767880413 67.09551198453573 31.20349530734675 28.37988091323706
120 168.8314107132224 11.96801641770014 226.8440921867888 88.03198356559764 53.29690046325046 77.87168887418544 35.69346210385415 37.46244573444888
130 154.5668460773963 11.89578778443632 210.930723910488 88.10421219886143 56.61085589568427 88.8222980775776 40.36536698178434 48.7039091328194
140 140.5711910567414 12.2676556231671 192.6818483222697 87.73234436013064 59.5996452788975 99.82916371501926 45.0882528145408 62.22989888828121
150 126.9435538289711 12.96541548189313 172.1518355717431 87.03458450140461 62.25582216265477 110.8006240590322 49.72887246445445 78.11929198889428
160 113.7651969938352 13.90858145623717 149.4534303515748 86.09141852706058 64.57078818728601 121.6640148695369 54.13857220348643 96.40799747003041
170 101.1072082436071 15.0412294561611 124.7812010020583 84.95877052713658 66.53255057813813 132.3602412289128 58.12683809024754 117.0919609327859
180 89.03582018775623 16.32330167370812 98.46597154047753 83.67669830958948 68.12417323919745 142.8400066237045 61.40766331884745 140.1263651657667
190 77.61624470337595 17.72514902369154 71.10787951626439 82.27485095960604 69.32259511149056 153.0611602357917 63.47643688712622 165.4156836217011
200 66.91548887290287 19.22409314253352 43.93969396329828 80.77590684076405 70.09775414828167 162.9867570294736 63.28168092008867 192.7786251417047
210 57.00419237267749 20.80211196578242 19.90031287776948 79.19788801751517 70.41223333754158 172.583574340439 58.27634654881098 221.8233405985112
220 47.9570184903915 22.44383080602454 5.253481931816471 77.55616917727293 70.22201398124938 181.8209675790172 43.31510778003894 251.4314103132362
230 39.85043653423612 24.13349904176377 1.457927022857358 75.8665009415337 69.47940794394405 190.6701555724779 20.49659870228462 278.0454742999495
240 32.7560072179671 25.85002977094908 0.6091732709390529 74.14997021234839 68.1396671018051 199.104325730886 5.438113938657049 293.9527128154954
250 26.72783000413402 27.56813325415671 0.2215348404138958 72.43186672914079 66.17267136292863 207.0994986835956 1.947481189045011 297.8309839956326
260 21.78632300840204 29.27496539280197 0.1383677725062623 70.72503459053705 63.58011794343675 214.6335590986617 1.520708013498642 298.3409242422507
270 17.90153183486559 30.96865201213404 0.121599823855558 69.03134797125171 60.41465671307515 221.6838115043131 1.43193970152086 298.4464605033212
280 14.98253443325922 32.64942148601271 0.1135298990647273 67.35057849741838 56.79047122740219 228.2269943934205 1.381649342299069 298.5048207874036
290 12.884356584849 34.31764454959016 0.1072888618780465 65.68235543388504 52.8745208137351 234.2411226574191 1.340604183302923 298.552106983618
300 11.4336753223805 35.97362784165166 0.1020847331706608 64.02637214186672 48.85841970734045 239.7079050282639 1.305499560219343 298.5924157354345
310 10.46062424042262 37.61760359825188 0.09772217920367127 62.38239638526697 44.92432464562206 244.6150511739651 1.275482350870657 298.6267954987723
320 9.821821874538518 39.24973659022385 0.09407902213078535 60.75026339329487 41.22013060021136 248.95804758726 1.249985792627237 298.6559352141086
330 9.409160357486435 40.87013094701016 0.09105673954637233 59.12986903650877 37.84960822172531 252.7412314847643 1.228526266861644 298.6804170224762
340 9.14792760885725 42.4788356271543 0.08857234893852077 57.52116435636448 34.87395806646649 255.9781143905532 1.210671932333996 298.7007557476273
350 8.990176120416146 44.0758486880639 0.08655473884980777 55.92415129545498 32.31890509692197 258.6909188503497 1.196030177457175 298.7174151126068
360 8.907395538481786 45.66112056056433 0.08494229831149114 54.33887942295456 30.18328124900946 260.9093232819068 1.184240983979097 298.7308167466355
370 8.884249116207796 47.23455649088339 0.08368138673085534 52.76544349263524 28.44722476963371 262.6685261851215 1.174974341294019 298.7413443009117
380 8.913790981416984 48.79601827506792 0.08272539770844291 51.20398170845092 27.07931432512857 264.006894765884 1.167930436642256 298.7493441945952
390 8.994055471373324 50.34532538319061 0.08203418812899663 49.65467460032814 26.04238401845179 264.9635605838984 1.162841196820974 298.755124644004
400 9.125774150104338 51.8822555506514 0.08157367253695044 48.11774443286738 25.29791802349576 265.5763079012818 1.159471851567009 298.7589545048575
410 9.310965266728674 53.406544898841 0.08131544165487599 46.59345508467749 24.80905159097058 265.8799832182435 1.157621599459753 298.7610629878532
420 9.552158113387907 54.91788763551772 0.08123633501102845 45.08211234800117 24.54234134539082 265.9055006181065 1.15712300131266 298.7616406926496
430 9.852043677729849 56.4159353755041 0.08131795712430107 43.58406460801483 24.46856608490735 265.6793903151012 1.157840186619756 298.7608418852346
440 10.21338251519361 57.90029611438705 0.08154616159576668 42.0997038691315 24.56284990399957 265.2237676593298 1.159666220001404 298.7587876473865
450 10.63904597466586 59.37053288185252 0.08191053857739578 40.62946710166573 24.80437050842423 264.5565835961704 1.16252004126218 298.7555694491486
460 11.13210967548762 60.82616209727058 0.08240393685910204 39.17383788624858 25.17585512098462 263.6920352834704 1.166343334558319 298.7512527575752
470 11.69595234519372 62.26665164830618 0.083022041303402 37.73334833521205 25.66300097658197 262.6410467588116 1.17109757473652 298.7458804129567
480 12.33433677452602 63.6914187136824 0.08376301567116927 36.30858126983448 26.25390263104275 261.4117606756375 1.176761392868492 298.739475620461
490 13.05146389913284 65.09982735406422 0.08462721279318926 34.90017262940523 26.93852916970296 260.010007012973 1.183328321232479 298.7320444949793
500 13.85199842499916 66.49118590066894 0.08561694907292323 33.50881408273865 27.70826963721775 258.4397320201993 1.190804924602426 298.7235781553339
510 14.74106755633351 67.86474417911504 0.08673633792172415 32.13525580422764 28.5555509888727 256.7033815377969 1.199209294981949 298.7140543961098
520 15.72423525684151 69.21969061866714 0.08799117612163923 30.78030936460657 29.47352585655367 254.8022389702024 1.208569873803921 298.7034389790924
530 16.807454387661 70.55514931265853 0.08938887756934975 29.44485067054511 30.45582450191289 252.7367211946105 1.218924562813334 298.6916865886398
540 17.99699876887007 71.87017711695935 0.09093844986624543 28.12982286617006 31.49636450746195 250.5066368084397 1.230320087724161 298.6787414914368
550 19.2993770707661 73.16376090010148 0.09265051046437563 26.83623908294925 32.58921181834793 248.1114111962423 1.242811584291321 298.664537934277
560 20.72123058093483 74.43481509195169 0.09453734037839642 25.56518489101732 33.72848702960684 245.550282475402 1.256462382868297 298.6490003057913
570 22.26921729648592 75.68217971892395 0.09661297474760726 24.31782026395824 34.90831101168241 242.8224717783795 1.271343973881287 298.6320430804151
580 23.94988536509607 76.90461916290026 0.09889333075703892 23.09538081989032 36.12278399889793 239.9273307231486 1.287536142502481 298.6135705557908
590 25.7695395167583 78.10082193868222 0.1013963746147042 21.89917804401288 37.36599217585852 236.8644683951138 1.305127266032029 298.5934763884101
600 27.73410466008027 79.26940185095681 0.1041423304674922 20.73059813163809 38.6320356888775 233.6338597393591 1.324214772161713 298.5716429264347
610 29.84899115433273 80.40890096370416 0.10715393537047 19.59109901878437 39.91507199854889 230.235936936025 1.344905760566212 298.5479403331348
620 32.11896634087492 81.51779489034772 0.1104567457622867 18.48220509202882 41.20936866758111 226.671665081038 1.367317794377388 298.5222254889404
630 34.54803670396359 82.59450098431056 0.1140795024161973 17.40549899794872 42.5093600945326 222.9426032915759 1.391579872322481 298.4943406543503
640 37.13934455830423 83.63739006799521 0.1180545626159729 16.36260991414037 43.80970335846575 219.0509521738796 1.41783359693373 298.4641118695489
650 39.89508249427617 84.64480236868263 0.1224184104520693 15.35519761332402 45.10532918597514 214.9995884109407 1.446234559600576 298.4313470590566
660 42.81642803903094 85.61506831327115 0.1272122587692538 14.38493166860046 46.39148501336261 210.7920870393347 1.476953969668888 298.3958338006824
670 45.9035002006656 86.54653474587691 0.1324827595792968 13.45346523585343 47.66376810279903 206.4327317887943 1.51018056268051 298.357336706873
680 49.15533882542762 87.43759694565667 0.138282843871279 12.56240303593039 48.91814759697061 201.9265136703733 1.546122832589242 298.3155943526857
690 52.56990705609488 88.28673650988297 0.1446727169515089 11.71326347154947 50.15097519570632 197.2791178414609 1.585011644838867 298.2703156673703
700 56.1441166396564 89.09256470929088 0.151721042029245 10.90743527199128 51.35898477059447 192.4968986834664 1.627103302012914 298.2211756851347
710 59.8738753683083 89.85387031618232 0.1595063531161933 10.14612966493352 52.53928168732727 187.5868430385223 1.672683151894478 298.1678105241837
720 63.75415550129527 90.56967017549321 0.168118748911998 9.430329805455395 53.68932289155409 182.5565217017212 1.722069849747343 298.1098114305544
730 67.77908155093792 91.23925999956083 0.1776619328181297 8.76073998121529 54.80688895962772 177.4140295848632 1.775620413056545 298.0467176833603
740 71.94203527621808 91.86226212758348 0.1882556813404572 8.13773785302768 55.89004935549818 172.1679154645446 1.833736238528199 297.9780081093901
750 76.23577510828684 92.43866644905455 0.2000388449186959 7.561333531405612 56.93712210364191 166.8271028851042 1.896870288652743 297.9030908957129
760 80.65256653356145 92.96886051133922 0.2131730129770231 7.031139468978513 57.94662901281425 161.4008045513648 1.96553569964906 297.821291316687
770 85.18431928399534 93.45364515735896 0.2278470104754175 6.546354822819446 58.91724748389007 155.8984333305 2.040316115494163 297.7318369033756
780 89.82272661275539 93.89423294056164 0.2442824387841092 6.105767039483493 59.84775981266807 150.3295136735504 2.121878115870677 297.6338394747265
790 94.55940160103617 94.29222799624637 0.2627405324299906 5.707771983669057 60.73700075140611 144.7035977470505 2.21098618150936 297.5262733154823
800 99.38600545236648 94.64958783430016 0.2835306793414082 5.350412145492599 61.58380391111307 139.0301907364667 2.308520731269464 297.407948618856
810 104.2943631438906 94.96856937331542 0.3070210511840296 5.031430606362593 62.38694735981007 133.3186895966412 2.415499873928908 297.2774791044059
820 109.276562610535 95.25166313170519 0.3336519194933044 4.748336847864901 63.14509849325798 127.5783389968724 2.533105645777415 297.1332424643061
830 114.3250347539103 95.50152054301005 0.3639524019878621 4.498479436461356 63.85675792285209 121.8182074240729 2.662715652007047 296.9733319756488
840 119.432612851453 95.72087970638755 0.3985616037001111 4.279120272993703 64.52020174596031 116.047185503457 2.805941190013731 296.7954972360059
850 124.5925712263154 95.91249451477134 0.4382554043682856 4.087505464527745 65.13342114568412 110.2740077288689 2.964673091775354 296.5970715336645
860 129.7986441675749 96.07907116405927 0.4839805150550872 3.920928815165416 65.6940578140632 104.5072981191252 3.141136650731569 296.3748828641232
870 135.0450269488497 96.22321477057456 0.5368979040619318 3.776785208584326 66.19933321446464 98.75563993717566 3.337957041131398 296.1251450848338
880 140.3263613199957 96.34738746490063 0.5984382968389418 3.652612514199906 66.64596918411441 93.02766959614711 3.558236498299351 295.8433252350239
890 145.6377080376152 96.45387810098606 0.670373205457016 3.546121878062652 67.03009682236105 87.33219524008084 3.805644045667282 295.5239827791991
900 150.974508896557 96.54478275707329 0.7549058467495687 3.455217221929888 67.34715000285625 81.67834120047587 4.084517470209968 295.1605767135534
910 156.3325403800253 96.62199456424102 0.8547873408984349 3.378005414722183 67.59173918818605 76.07572053153049 4.399975165321022 294.7452375245146
920 161.7078605346 96.68720106777648 0.9734646576465651 3.312798911151684 67.75750054182312 70.53463902320355 4.758031804208656 294.268503569144
930 167.0967500501883 96.74188725365775 1.115267688514929 3.258112725239692 67.8369147131035 65.06633533624569 5.165705812267273 293.7190265305348
940 172.4956478248335 96.78734248945177 1.285643144856151 3.212657489418716 67.82108932635022 59.68326294802136 5.631097392708015 293.0832594941288
950 177.9010805394778 96.8246698714814 1.491441911482304 3.175330107365376 67.69949957067875 54.39941998863016 6.163402708837435 292.3451554118188
960 183.3095849594517 96.85479678860975 1.741262611223232 3.145203190215915 67.45968321480899 49.2307319240592 6.77281285324295 291.4859245681952
970 188.7176208070034 96.87848587540701 2.04584512815833 3.121514103399689 67.0868914482101 44.19548784261199 7.470227662457322 290.4839272426601
980 194.1214711017217 96.89634591625511 2.418490182837463 3.103654062534244 66.56370801044835 39.31482098510151 8.266700557303144 289.3148092938391
990 199.51712585443 96.90884266503201 2.875450186421575 3.091157313741438 65.86967091816601 34.6132033240233 9.172533893360123 287.9520159549818
1000 204.9001440002596 96.91630994262052 3.436188354575695 3.083690036137492 64.98097122932866 30.11888486632877 10.19598392104655 286.3678277600386
1010 210.265487685225 96.91896172441533 4.123338119600495 3.081038254327568 63.87037174039617 25.86414066963667 11.34163114970945 284.5350307673513
1020 215.6073229649841 96.91690615678127 4.962128052994972 3.083093821947225 62.50759425962544 21.88508287070763 12.60863311587038 282.4292388688753
1030 220.9187825552657 96.91016243874007 5.97901054107644 3.089837539973704 60.86056218335208 18.22065535682421 13.98927135254935 280.0317181452561
1040 226.1916909116211 96.89868115884698 7.199319051821355 3.10131881985172 58.89800630865285 14.91030287533476 15.46834238252203 277.3323386057039
1050 231.4162611057946 96.88236791317644 8.644056301837741 3.117632065506773 56.59390549820093 11.98983349181086 17.0238894422857 274.3320542970288
1060 236.5807866728283 96.86110888485281 10.3263805815981 3.138891093814771 53.93379211877151 9.485421304384472 18.62943131296758 271.0441881475768
1070 241.6713652944073 96.8347957719743 12.24882063550198 3.165204206677601 50.92190428367938 7.40673051818792 20.25728247898777 267.4938969285391
1080 246.6716940402467 96.80334650072867 14.40234554075325 3.19665347790683 47.58680111008555 5.741504946470748 21.88205037016309 263.7156041328568
1090 251.5629565905014 96.76671820771213 16.76786498656108 3.233281770907857 43.98250846324349 4.454535043615153 23.48328069368658 259.7488543641179
1100 256.3237852625614 96.72491042751149 19.31971880597768 3.275089551091532 40.18376521357207 3.492449621854655 25.04662132101885 255.633659917833
1110 260.930253364398 96.67795889811119 22.02989075381905 3.322041080475685 36.27699666755996 2.792750066723461 26.56353909621906 251.4065701951334
1120 265.355871028368 96.62592271610217 24.87161329455773 3.374077262469302 32.35076299622163 2.293366074848812 28.0301263494975 247.098260401356
1130 269.5716282279826 96.56886859731411 27.82163329137667 3.431131381242429 28.48886289210345 1.939508980209778 29.44563902066739 242.7327277335382
1140 273.5462290427598 96.50685551908691 30.86112693988792 3.493144459454266 24.7669844142784 1.686786644198251 30.81120895468382 238.3276641511212
1150 277.2467607972869 96.43992171812428 33.97565833475468 3.560078260401926 21.25186051726774 1.501378787729725 32.12890483179326 233.8954368792271
1160 280.6401101114565 96.36807472306569 37.15463003509358 3.631925255445036 18.00122387414646 1.358666117856626 33.40113368642709 229.4442363243104
1170 283.6954215368012 96.29128425818492 40.39054667613127 3.708715720310602 15.06314285210757 1.241435715814774 34.63030133759108 224.9791520321502
1180 286.3876966053209 96.2094775024556 43.67826060610378 3.790522476023982 12.47402999842752 1.138273502305076 35.81864470683542 220.5030947329715
1190 288.7021561868844 96.12253616966575 47.01426338729549 3.877463808797555 10.2555146890562 1.042329231482496 36.96816955228497 216.0175671063617
1200 290.638296575604 96.03029500173163 50.39604125077009 3.969704976714715 8.41133307598608 0.9503704571737186 38.08064954042935 211.5233092547694
1210 292.212053106691 95.93254138377684 53.82151244781684 4.067458594651868 6.926021110022623 0.8619258933751702 39.15765805425735 207.0208295439241
1220 293.4547549041554 95.82901580025482 57.28858330842674 4.170984178155479 5.766886103039202 0.7783591041408295 40.20061248084203 202.5108042567574
1230 294.408813401781 95.71941274855517 60.79486630415392 4.280587229835708 4.889310290701666 0.7018764199082398 41.2108156063715 197.99431813552
1240 295.1215999788591 95.60338159614096 64.33757891879787 4.396618382229464 4.24376441989617 0.6346357145032299 42.18948406360239 193.4729370636713
1250 295.6396004505881 95.48052682860403 67.91359691117515 4.519473149744577 3.782249492962806 0.5781501703998757 43.13776058735515 188.9486425476597
1260 296.0043415060055 95.35040724402768 71.51959941881859 4.649592734297507 3.462595007888731 0.5330636005946572 44.05671305679364 184.4236875706777
1270 296.2504577872264 95.21253385434636 75.15223686737703 4.787466123953863 3.25031581086047 0.4992265168153788 44.94732646213495 179.900436716858
1280 296.4054420324644 95.06636645715149 78.80827200436035 4.933633521121974 3.118628280124092 0.4759298026341613 45.81049365065635 175.3812343914123
1290 296.4903652364581 94.91130896949097 82.48467200644802 5.088691008753941 3.047467598440392 0.462167280570566 46.64700850985624 170.868319530166
1300 296.5209763631318 94.74670365453353 86.17865123525121 5.253296323680438 3.022171098880111 0.4568526536517891 47.45756289340466 166.3637859178405
1310 296.508823306829 94.57182434766118 89.88767529826271 5.428175630519607 3.032210087432991 0.4589667215562699 48.24274701562423 161.8695777326185
1320 296.4622295318859 94.38586873451428 93.60943971997135 5.614131243630759 3.07012993323068 0.4676406508285061 49.00305233837595 157.3875079881538
1330 296.3870781374367 94.1879496748865 97.34183465482671 5.812050303219704 3.130729554273313 0.48219242434341 49.73887587509196 152.9192895165625
1340 296.2874120502468 93.97708551597078 101.0829037293782 6.022914462093376 3.210453937402601 0.502134128493654 50.45052502946203 148.46657128761
1350 296.1658799576552 93.75218930021202 104.8308019231568 6.247810677806755 3.306956230602898 0.5271639279665223 51.13822235937223 144.03097576388
1360 296.0240607657702 93.51205674638581 108.5837549805867 6.487943231583612 3.41878727238991 0.5571520781426308 51.80210990516954 139.614135160597
1370 295.862695415321 93.25535286560022 112.3400212324527 6.744647112315223 3.545178071374693 0.5921266296849537 52.44225290995665 135.2177259038791
1380 295.6818490135726 92.98059706517633 116.0978557279179 7.019402912680186 3.685889185764204 0.6322619171223056 53.05864288879644 130.8435014294911
1390 295.4810206214443 92.68614659239313 119.8554760344714 7.313853385400181 3.841108152689884 0.6778713424066192 53.65120008745255 126.4933239242536
1400 295.2592133743428 92.37017817787893 123.6110287842858 7.629821799844096 4.011381648464611 0.7294050938193807 54.21977542469274 122.1691958372833
1410 295.0149739902253 92.03066775753777 127.3625559101574 7.969332220109257 4.197573092754903 0.7874530337395048 54.76415204988037 117.873292086309
1420 294.7464079839792 91.66536818660182 131.1079594432244 8.334631790950013 4.400839268427209 0.8527528644116784 55.28404667930242 113.6079939239521
1430 294.4511748716081 91.27178491628032 134.8449636886972 8.728215061165828 4.622621525053185 0.9262037202687557 55.77911090951519 109.3759254484243
1440 294.1264661380268 90.84714969147029 138.5710735268147 9.152850285860426 4.864648512183568 1.008885466843837 56.24893275015368 105.1799937698439
1450 293.768967623555 90.3883924600205 142.2835274851309 9.611607517183211 5.128948324013227 1.102084169628385 56.69303867865001 101.0234338832307
1460 293.3748071598704 89.89211187723465 145.9792440868075 10.10788809982921 5.417868547214223 1.207324410267636 57.11089660158564 96.90985935884508
1470 292.9394876947252 89.35454506713842 149.6547597900087 10.64545490977196 5.734103061163795 1.326409361637411 57.50192021937558 92.84332003810945
1480 292.4578057547706 88.7715376958201 153.3061565919531 11.22846228092143 6.080724582093161 1.461469780856223 57.8654754419115 88.82836801391531
1490 291.9237549048454 88.13851596341252 156.9289770754461 11.8614840131429 6.461221880285924 1.615023332815224 58.20088970357828 84.87013326907865
1500 291.3304138955716 87.45046288372565 160.5181243262797 12.54953709262401 6.879540319760307 1.79004590287508 58.5074652903462 80.97441043183926
1510 290.6698195060682 86.70190226254634 164.0677437522823 13.29809771357858 7.340123840913169 1.990056771503289 58.7844981348617 77.14775816173137
1520 289.9328247758684 85.88689519022498 167.5710834029842 14.11310478565169 7.847955681525653 2.219219661417636 59.03130397422389 73.39761267213568
1530 289.1089445106577 84.99905572644209 171.0203289513267 15.00094424916346 8.40859395359894 2.482461654912173 59.24725431465759 69.73241678388271
1540 288.1861918119373 84.03159487111979 174.4064091073598 15.96840510419293 9.028196611611445 2.785611696002169 59.43182531560059 66.16176562750539
1550 287.1509121322749 82.97740495782101 177.7187669765423 17.02259501717138 9.71352833499407 3.135559652741194 59.5846634838701 62.69656959059241
1560 285.9876252297777 81.82920027288306 180.9450928948378 18.17079970176334 10.47193944458937 3.540435446146254 59.70567291274487 59.34923424375173
1570 284.6788906075563 80.57973382679729 184.0710147896593 19.42026614747476 11.31130434340642 4.009805170147544 59.79512960360616 56.13385565845467
1580 283.2052187058393 79.22211429565446 187.0797434527909 20.7778856782218 12.23990448381807 4.554876932105324 59.85382895474237 53.06642764463476
1590 281.5450581723168 77.75025016878759 189.9516727202403 22.24974980467544 13.26623918767537 5.188702762528815 59.8832724135145 50.16505491893367
1600 279.6748984455903 76.15944818212488 192.663939009717 23.84055179090947 14.3987478257854 5.926353851982521 59.8858979520115 47.45016309154834
1610 277.5695354016286 74.44718711145505 195.1899516284517 25.55281286114783 15.64543032900409 6.785034393652325 59.86535554978099 44.94469287575759
1620 275.2025536335213 72.61407159072928 197.4989153261217 27.38592838144566 17.01336137723271 7.784085114583434 59.82682210510038 42.67426262360444
1630 272.5470784376386 70.66493869427808 199.5553799702029 29.3350612775033 18.5081082540487 8.944813434733927 59.77733896323863 40.66728112235121
1640 269.5768388864659 68.61003853466434 201.3188683732452 31.38996143676716 20.13308349507648 10.29007774602772 59.72613885914811 38.95499282452803
1650 266.2675551509083 66.46613989315301 202.7436501750905 33.53386007799983 21.88888910444132 11.84355587345608 59.68490830348391 37.57144157964433
1660 262.598614741356 64.25733416972551 203.7787433004752 35.74266580125094 23.77273411099003 13.62865127776708 59.66790983346635 36.55334692575863
1670 258.5549347831023 62.01525239421979 204.3682289859477 37.98474757674424 25.77802332611531 15.66704202223465 59.69187341529902 35.93989766015638
1680 254.128830897147 59.77841156770946 204.4519550853058 40.22158840325409 27.89421290333267 17.97695633235965 59.77556822961461 35.77247674837133
1690 249.3216485686619 57.59050896091998 203.9666706115974 42.40949101004204 30.10700101868673 20.57135054679467 59.93899563624154 36.09433381758347
1700 244.1448880824638 55.49769829636948 202.8475829440014 44.50230167458827 32.39887049974001 23.45624155321343 60.20220532887155 36.95021179490352
1710 238.6205933168225 53.54516476518346 201.0302664556399 46.45483520576978 34.74993542467127 26.62947139510446 60.58382021601805 38.38591339870165
1720 232.7808829650382 51.77356274300576 198.452793294098 48.22643722795281 37.13898432788019 30.08013284471488 61.09943687996225 40.44776989909258
1730 226.6666563887592 50.21597342600273 195.0579214812813 49.78402654496316 39.5445778700433 33.78876587971877 61.7601156293054 43.18196296559825
1740 220.3256584416254 48.89592038589746 190.795174652386 51.10407958507936 41.94605938308204 37.7282823145357 62.57116336873238 46.63366205828331
1750 213.8101892403895 47.82669346180611 185.6226827356184 52.17330650916892 44.32436983078254 41.86544106859714 63.53134204070464 50.8459753063941
1760 207.1747686569379 47.01189931206741 179.5087136975796 52.98810065890347 46.66261035144536 46.16262113170973 64.63252759079047 55.8587587980247
1770 200.4740162728078 46.44690859323429 172.4328977604246 53.5530913777358 48.94634783177444 50.57963603564232 65.85973355531803 61.70736877449811
1780 193.7609152123243 46.12077064897836 164.387214194538 53.87922932199072 51.1636982234827 55.07538670437 67.19132775998004 68.42145814156032
1790 187.085528508742 46.01820444975245 155.3768718879188 53.98179552121296 53.30524298238532 59.60922864882614 68.59921998245689 76.02390823254689
1800 180.4941559858011 46.12139055347704 145.4212736145322 53.87860941749462 55.36383781465609 64.14200633911801 70.04877193761671 84.52995455741157
1810 174.0288692826776 46.41142049076522 134.5553260976562 53.58857948021016 57.33436546746749 68.63676538870945 71.49815221379455 93.94652180443293
1820 167.7273411741697 46.86936678070688 122.8314721348564 53.13063319026966 59.21347168325381 73.05918728048117 72.89679028148818 104.2717377028718
1830 161.6228847822527 47.47700449064848 110.3230268222323 52.52299548032236 60.99931021117597 77.37780514329201 74.18242299195433 115.4945503050134
1840 155.7446295491493 48.21724730850219 97.12978883177841 51.78275266246723 62.6913114862442 81.56405909995756 75.27588856793034 127.5943227194968
1850 150.1177766848413 49.0743682035253 83.38764815386286 50.92563176744331 64.2899811562654 85.59224229265122 76.07214748724775 140.5402044723679
1860 144.7638925949556 50.03406778296718 69.28537055614261 49.96593218800425 65.79672898206617 89.43937855473115 76.42469264798819 154.2899369038165
1870 139.7012121744069 51.0834403213015 55.0944997441212 48.91655964967189 67.21372523768466 93.08506271756757 76.11805689176335 168.7874434666038
1880 134.9449339118928 52.21087252572016 41.22277313162176 47.78912744525356 68.54377998717563 96.51128622837433 74.81937795122356 183.9578490130813
1890 130.5074952530032 53.40589460887823 28.30318149207012 46.59410536209585 69.79024000646909 99.70226486644582 71.99991682385564 199.6969017746033
1900 126.3988193694936 54.65898571189364 17.29368347900753 45.34101425908045 70.95689827102892 102.6442824853956 66.85822197149218 215.8480946400292
1910 122.6265227677085 55.96131510244277 9.348411262986941 44.03868486853132 72.04791161754876 105.325565740661 58.49595953870113 232.1556292888407
1920 119.1960676387773 57.30439304774007 4.940117937675546 42.69560692323402 73.06772313603837 107.7362093511026 46.87230172124812 248.1875804316052
1930 116.1108411044628 58.67965164963859 3.042790069768547 41.32034832133542 74.02098646691006 109.8681725545191 33.70259170689148 263.2546183181533
1940 113.3721532773163 60.07800976344242 2.202954495308193 39.92199020753135 74.91248933177981 111.7153575167923 21.44842630561759 276.3486192942737
1950 110.9791542969542 61.48948083391611 1.630425354292242 38.51051913705766 75.74707456904406 113.2737712598901 12.14221397811909 286.2273607627881
1960 108.9287291648669 62.90345050287233 1.125212069956428 37.09654946810144 76.52955598331394 114.5417149777076 6.713676797035967 292.1611112282069
1970 107.2156388183718 64.31064077400636 0.7594134846484913 35.68935919695704 77.26462040725148 115.5197409002723 4.319172253018101 294.9214143593845
1980 105.8331498264825 65.70509341678401 0.5655654988291772 34.29490655412732 77.95671633883659 116.2101339605827 3.424106513562694 296.010328088826
1990 104.7738213028752 67.08370748768405 0.4819980078664018 32.91629248316766 78.60995533237229 116.6162234906404 3.101861836080388 296.4161402588734
2000 104.0300193132864 68.4447894288212 0.4494156909473828 31.55521054196611 79.22804409132935 116.7419367212625 2.985483040243147 296.5651013722294
2010 103.5941529824335 69.78716200681798 0.4378584026737578 30.21283796389959 79.81424065019988 116.5916064932536 2.945909326155371 296.6162323748295
2020 103.4587685216143 71.10979379062769 0.435252053780591 28.89020618001758 80.37132495696881 116.169906647309 2.938340076930653 296.6264079730595
2030 103.6165819119502 72.41166079754299 0.4371525086424317 27.58833917302681 80.90157944354989 115.4818387703988 2.947192157079992 296.6156554381137
2040 104.0604826746201 73.69169545980274 0.4420050034459901 26.30830451068711 81.40677808802184 114.5327393632571 2.967091782422504 296.5909033180178
2050 104.7835206904748 74.94876723673805 0.4493144857938959 25.05123273366836 81.88818325924265 113.3282961761774 2.996286346791575 296.5543992713467
2060 105.7788807654849 76.18167486324791 0.4589855125332005 23.81832510707159 82.34654958537531 111.8745697750393 3.03435757509915 296.5066570163455
2070 107.0398473379836 77.3891433176522 0.4710918595468677 22.61085665257377 82.78213379748806 110.1780189904352 3.081431051090392 296.4474771933877
2080 108.5597611524224 78.56982330440449 0.485799312632181 21.43017666572415 83.19470918836227 108.2455297851213 3.137907346442299 296.3762934450004
2090 110.3319697012102 79.72229275285648 0.5033431962455319 20.27770721716876 83.58358307160641 106.0844473530821 3.204376346696773 296.2922805611861
2100 112.3497733439062 80.84506047738218 0.5240264220937187 19.15493949253501 83.94761544781998 103.7026113342007 3.281597765184372 296.1943759169082
2110 114.6063691138175 81.93657241449648 0.5482264688401494 18.06342755530618 84.28523697890513 101.1083940332267 3.37050767224987 296.0812659631599
2120 117.0947942777105 82.99522098503806 0.5764076688008534 17.00477898464472 84.59446432310931 98.31074152511975 3.472237526112859 295.9513549094062
2130 119.8078717226415 84.01935819713269 0.6091380654628222 15.98064177242509 84.87291086983075 95.31921753347574 3.588141499062547 295.8027205398737
2140 122.7381592130831 85.00731312174898 0.647111269607231 14.99268684767675 85.11779091035693 92.14405000250039 3.719831200233644 295.6330576346475
2150 125.8779044968361 85.95741432636102 0.6911743509044866 14.04258564292734 85.3259152640032 88.79618036509257 3.869218103123801 295.4396076505604
2160 129.2190081398936 86.86801772185981 0.7423632697882098 13.13198224728738 85.49367632608148 85.28731565945765 4.038564407069056 295.219072427847
2170 132.7529958312982 87.73754003798327 0.8019478344192575 12.26245993101394 85.61702039560252 81.62998389717782 4.230543101828967 294.9675091685892
2180 136.4710016928336 88.56449777010228 0.871488720668453 11.43550219874017 85.69140496268619 77.83759346728502 4.448307723206243 294.6802036611168
2190 140.3637638291297 89.34755092280395 0.9529097416875056 10.65244904588158 85.71173838192739 73.92449791053677 4.695571580497456 294.351518782984
2200 144.42163294276 90.08555022256168 1.048589291566864 9.914449745970867 85.67229903414143 69.90606814354783 4.976694879265664 293.9747159345417
2210 148.6345942479936 90.7775857243919 1.161475668224162 9.222414243966606 85.56663071123951 65.79877516014746 5.296775811589275 293.5417486258045
2220 152.9923021617945 91.42303397948794 1.295231686886477 8.57696598870327 85.38741060970764 61.62028734700491 5.661737874339008 293.0430305446746
2230 157.4841263083568 92.0216002888139 1.454414385903658 7.978399679215653 85.1262861155062 57.38958769386958 6.078399849640717 292.4671858706922
2240 162.0992062820056 92.57335219911513 1.644695248352873 7.426647768768256 84.77367675281148 53.12711708215196 6.554506526242204 291.800798332035
2250 166.8265114391672 93.07874046297086 1.873124421103814 6.921259504768691 84.3185387064715 48.85494997056225 7.098687200762337 291.0281884852224
2260 171.6549008357347 93.53860430157138 2.148437594670376 6.461395666029309 83.7480920322072 44.59700724748927 7.720296103711092 290.131266409243
2270 176.573177415978 93.95415900812971 2.481394496270807 6.045840959335617 83.04751646490287 40.37930623374977 8.42907698612607 289.0895286258229
2280 181.5701298238134 94.32696561604129 2.885120571967648 5.673034351293358 82.19963300541104 36.23023728458647 9.234589331209939 287.8802902057087
2290 186.6345548626179 94.65888430491509 3.37539530629271 5.34111566229442 81.18460895034842 32.18083629997324 10.14534642396208 286.4792583793985
2300 191.7552537797289 94.95201510959387 3.97079004159406 5.047984857498586 79.97975901283364 28.26498731946457 11.16765946441545 284.8615506045082
2310 196.9209963103465 95.20863098457669 4.69250879677119 4.791368982405172 78.55957064221161 24.51943315849166 12.30426847425684 283.0032228404376
2320 202.1204479745747 95.43110906428873 5.563743379230902 4.568890902591182 76.89616041255391 20.98339172288057 13.55296725565709 280.8832894776235
2330 207.3420588187816 95.62186587394925 6.608354335440668 4.378134092836175 74.96045973218314 17.69748155794989 14.90556349819653 278.4860822799463
2340 212.5739161026355 95.78330126984761 7.848784588285309 4.216698696850514 72.72448774487289 14.70159626022977 16.34758578736464 275.803629739038
2350 217.8035696605457 95.91775416602648 9.303345835674813 4.082245800591553 70.16499481291679 12.03143563313183 17.85906869809003 272.8375855819339
2360 223.0178461029789 96.02747092764244 10.98336359556062 3.972529038902271 67.26839859579125 9.713755406653046 19.41646986921609 269.6001666518543
2370 228.2026737075738 96.11458510077223 12.89097553012899 3.885414865705387 64.03619899261146 7.76112740425543 20.99536799998534 266.1136565873613
2380 233.3429382954264 96.18110543122509 15.01840585739805 3.818894535191671 60.48918199079199 6.167879818502849 22.57325254226018 262.4083417185284
2390 238.4223767832728 96.22890842998899 17.34912501947024 3.77109153637243 56.66841326292764 4.909210058899755 24.13165790514589 258.5192171941574
2400 243.4234920479832 96.25973234118342 19.8605855627589 3.740267625127899 52.63199514371003 3.94451291382719 25.65717927960722 254.4822352768783
2410 248.3274535305894 96.27517096773886 22.52762814401219 3.724828998526695 48.44853860869222 3.224007966705677 27.14136812988186 250.331003845707
2420 253.1139482910795 96.27666756897753 25.32554976739906 3.723332397246367 44.18984310990589 2.696208705531265 28.57987089284167 246.0945794596212
2430 257.7609712812925 96.26551009137356 28.23220494250536 3.734489874812847 39.92520270690702 2.31382611890946 29.97128133118201 241.7965138463614
2440 262.244582487431 96.24282902250121 31.22903082634835 3.757170943650879 35.71840842926313 2.037009191074534 31.31606405940767 237.4549052344246
2450 266.5387022918943 96.20959850080484 34.30123746576485 3.790401465316464 31.62712172625642 1.834176090354105 32.61572002795921 233.0830426265442
2460 270.6150633917395 96.16664052348658 37.43750497321117 3.833359442605697 27.70360819606119 1.681328521541375 33.87221864032737 228.6902765067919
2470 274.4434912127089 96.11463154409731 40.62946941174553 3.88536842196772 23.99578273645014 1.560726161139854 35.08764871787811 224.2828819907516
2480 277.9927401872982 96.05411053658892 43.87116969391757 3.945889429450324 20.54775205659475 1.459507867453903 36.26402334603333 219.8648070804576
2490 281.2321415415196 95.9854876527685 47.15853258955052 4.014512313246201 17.3993020731881 1.36855649775553 37.40318319588302 215.438284335001
2500 284.1342531545823 95.90905280280629 50.48891079821411 4.090947163184861 14.58404259768835 1.281704361486603 38.50675968522565 211.0043296370194
2510 286.6784500806416 95.82498375042303 53.86065827000714 4.175016215544963 12.12629852567099 1.195251508666371 39.57617422082033 206.563167629657
2520 288.8549067684633 95.73335356688825 57.27272222231345 4.266646399056176 10.03741090876999 1.107682438961735 40.61265982584592 202.1146180723516
2530 290.667840580661 95.63413747101328 60.72424785835364 4.365862494907274 8.312750574101019 1.019408962675709 41.61729644985164 197.6584558123332
2540 292.1366296668075 95.52721914041848 64.21422086141506 4.472780825478207 6.931001204979246 0.9323692469243477 42.5910522399077 193.194727019249
2550 293.293940434173 95.41239648755575 67.74119663931828 4.587603478315755 5.856648426935648 0.8494112587577276 43.53482229364108 188.7239811877636
2560 294.1812314019453 95.28938669810022 71.303163593675 4.710613267745554 5.045217029078958 0.7735516898423304 44.44945685047783 184.2473796767079
2570 294.8431477691383 95.15783014678694 74.89755483250484 4.842169819031707 4.449535560451258 0.7073167920880689 45.33577424133079 179.7666710471461
2580 295.3225601587944 95.01729275403657 78.52137760815354 4.982707211753513 4.025092107807925 0.6523478557242296 46.1945591746385 175.2840633382921
2590 295.6573132246002 94.86726645530864 82.17140061886825 5.132733510450942 3.73336501156813 0.6093218866668998 47.02655124309495 170.8020482592021
2600 295.8788096490862 94.70716765269432 85.84433933999911 5.292832313033243 3.543081230553054 0.5781092435954206 47.83242991141524 166.3232308698098
2610 296.0119588501159 94.536333700756 89.53700043276922 5.463666264937087 3.4300016472588 0.5580396261682739 48.61280094714662 161.8501987413477
2620 296.0758824692585 94.35401758156313 93.24637135092927 5.645982384092803 3.375947935661519 0.5481697188695326 49.3681868646116 157.3854419057436
2630 296.0848999873219 94.15938094059727 96.9696592344917 5.840619025019558 3.367604817842448 0.547495318821973 50.09902186215108 152.9313190246439
2640 296.049512109868 93.95148561382349 100.7042914636804 6.048514351750264 3.395394819812021 0.5550931944690284 50.80565050954993 148.4900581480424
2650 295.9772532465706 93.7292837104082 104.4478913826195 6.270716255118892 3.452545098968141 0.5702017787497269 51.48832901144217 144.0637797271809
2660 295.873376585002 93.49160624937561 108.1982402531901 6.508393716101627 3.534365457732834 0.5922580816754982 52.14722792727034 139.6545319407391
2670 295.741379954084 93.23715029432726 111.9532330586888 6.762849671095569 3.637712448378541 0.6209077220631833 52.78243548905426 135.2643315733945
2680 295.5833971788268 92.96446449226607 115.7108326734823 7.035535473097156 3.760601811979086 0.6560011338220608 53.39396095301534 130.8952064945673
2690 295.4004821662753 92.67193290084666 119.4690245919145 7.328067064451879 3.901933174483328 0.6975847839659934 53.981737672196 126.5492378569277
2700 295.1928097865228 92.35775698264963 123.225772856992 7.642242982579602 4.061297494705411 0.745892843595469 54.5456257655383 122.2286014985929
2710 294.9598128219244 92.0199356558083 126.9789768714964 7.980064309344177 4.23884488657997 0.8013424164231034 55.08541439131854 117.9356088583943
2720 294.7002696058007 91.65624332024841 130.7264282157304 8.343756644808385 4.435196520737489 0.8645339984950411 55.60082372646612 113.6727481791381
2730 294.4123530547997 91.26420583274626 134.4657662766006 8.735794132205234 4.651389001298681 0.9362580690516815 56.09150682512187 109.4427270197682
2740 294.0936487077165 90.84107449050251 138.1944312984062 9.158925474333644 4.888843044212901 1.017508373347574 56.55705159450311 105.2485172287549
2750 293.7411470240551 90.3837982136847 141.9096133194486 9.616201751024176 5.149350711715049 1.109502389651603 56.99698319623636 101.0934036061786
2760 293.3512134315106 89.88899430948088 145.6081953143741 10.11100565508835 5.435077128451129 1.213709565619086 57.41076726745859 96.98103754025576
2770 292.9195383209058 89.3529184764873 149.2866886905796 10.64708148792848 5.74857370872538 1.331888096125579 57.79781446826176 92.91549696350167
2780 292.4410682815469 88.77143509997025 152.9411590712751 11.22856486427801 6.092800590777038 1.466131253630257 58.15748701127924 88.90135404007236
2790 291.9099192996334 88.13998943661926 156.5671400293145 11.86001052744378 6.471156281021369 1.618924545527332 58.48910802737633 84.94375206625921
2800 291.3192723964121 87.45358404544268 160.1595321118279 12.54641591841582 6.88751249382826 1.793215236204667 58.79197488232172 81.0484931291614
2810 290.6612522904096 86.7067628571406 163.7124841204319 13.29323710649373 7.346251831947539 1.99249600436521 59.06537789891691 77.22213810437043
2820 289.9267901997327 85.89360767023139 167.2192531987597 14.10639229315474 7.852305265316317 2.220904661998364 59.30862637379161 73.47212055163162
2830 289.1054729714689 85.00775371286832 170.6720398569503 14.99224625024639 8.411185290634632 2.483341865301731 59.52108432322535 69.80687594453445
2840 288.1853824954977 84.04243331006151 174.0617936830763 15.95756665276082 9.029009151085676 2.785608481205871 59.70221905611663 66.23598738611419
2850 287.1529320318697 82.99055971956119 177.3779852424256 17.0094402429419 9.712504544517973 3.134563551852763 59.85166644580935 62.77034843761028
2860 285.9927098816185 81.84486684448245 180.6083396886001 18.15513311767045 10.46898789471647 3.538302352408823 59.96931761287686 59.42234282469764
2870 284.6873459752338 80.59812463148405 183.738528124844 19.40187533029741 11.30630266872021 4.00635148538126 60.05543253207178 56.20603946964081
2880 283.2174235688324 79.24345403772004 186.7518140803325 20.7565459236649 12.23270275964522 4.549873801510031 60.1107866267238 53.13739941995573
2890 281.5614662320941 77.77476846861538 189.6286550523123 22.225231492356 13.25666428481374 5.181869613829146 60.13685633734307 50.23448873788097
2900 279.6960391664566 76.18736866978419 192.3462634828367 23.8126312907599 14.3866093087859 5.917351656322021 60.1360483420899 47.51768830319583
2910 277.5960123758227 74.47871215745901 194.8781384437498 25.52128780265127 15.63052840946022 6.773459347219656 60.11197368042985 45.00988800466258
2920 275.2350390472451 72.64936207431246 197.1935892889317 27.35063788537452 16.99549727958971 7.76946380672253 60.06976135066706 42.7366494900813
2930 272.5863020977389 70.70408878088631 199.2572858447523 29.29591117840681 18.48709705628414 8.926600980639991 60.01639483617688 40.72631944970878
2940 269.6235703614052 68.6530464887029 201.0288857737093 31.34695347024677 20.10876905153016 10.26766072287078 59.96103876820127 39.01007558984175
2950 266.3225780255 66.51287753319967 202.4628065679038 33.48712242547234 21.86116007261456 11.8162620389175 59.91530230262907 37.62189126249566
2960 262.6626929021808 64.30751949752256 203.508223277042 35.69248046097035 23.7415394901919 13.59576774598345 59.89336424532237 36.5984126121522
2970 258.6287720666681 62.06843164755793 204.1093777132325 37.93156831092027 25.74338545055784 15.62784262248628 59.9118697186679 35.97875270429719
2980 254.2130271778709 59.83395754422557 204.2062739154611 40.16604241425266 27.85623572828509 17.93073723493474 59.98950973451132 35.80421648813469
2990 249.4166570214383 57.64764094997548 203.7358033563558 42.35235900850297 30.06587195740858 20.51747116356167 60.14622394779762 36.11797283608022
3000 244.2509793185804 55.5555249188926 202.6332923127095 44.44447503958234 32.35485501944092 23.3941658056444 60.4020272764675 36.96468055341041
3010 238.7378317986685 53.60274525186738 200.8344014546545 46.39725470660473 34.70336488863057 26.5588034575458 60.77554395513906 38.39005473537858
3020 232.9091193555373 51.82997674504123 198.277249668408 48.17002321343572 37.09023880853043 30.0006419818017 61.2824137863775 40.44033669314586
3030 226.8055366725482 50.27038676130741 194.9045981653812 49.72961319716755 39.49406646866776 33.70039700553592 61.93378313179034 43.16161885377674
3040 220.4746476365815 48.9476354801886 190.6659294119994 51.05236447828604 41.89420074902308 37.63115176185738 62.73508361186364 46.59898713023035
3050 213.968605254176 47.87517797260771 185.519289667257 52.12482198587075 44.27157510526389 41.75981978855055 63.68523239495472 50.79547809516622
3060 207.3418209153858 47.05679233427183 179.4328241706993 52.94320762421479 46.60926990920857 46.04890932372468 64.77628117768508 55.79089481272766
3070 200.6488441581625 46.48800861814544 172.3860050083787 53.51199134034549 48.8928222730523 50.45833371724473 65.99343047358913 61.62056468298241
3080 193.9426226490629 46.15801182134701 164.3706203058515 53.84198813715085 51.1103133279524 54.94706417139991 67.3152399814588 68.31413988337736
3090 187.2732126286309 46.05162769964701 155.3916544742144 53.94837225885151 53.25228788938867 59.47449963018106 68.71381465509181 75.89453104821249
3100 180.6869292213768 46.15111473754945 145.4682477648074 53.84888522095224 55.31156552960111 64.00150539685335 70.15471924851956 84.37703317081872
3110 174.2258752427149 46.43761675016795 134.6349949103702 53.56238320833427 57.28299483415734 68.49113007024434 71.59634559428885 93.76865968581482
3120 167.927765215954 46.89223759707264 122.9439552789878 53.10776236142256 59.16319011193464 72.90904481829256 72.98838957942473 104.0676553354157
3130 161.8259604014609 47.49676769650306 110.4679495671899 52.50323226198951 60.95027663788401 77.2237631056632 74.26893696031748 115.2631136663396
3140 155.9496416831544 48.23412460134659 97.306100545832 51.76587535715062 62.64365921422483 81.40669924625244 75.35932467077673 127.3345749772347
3150 150.3240628791024 49.08857740952868 83.59331271753869 50.91142254897242 64.24382037405675 85.4321168888882 76.15528063424443 140.2514068364709
3160 144.9708427942858 50.04581807495882 69.51681790434253 49.95418188354171 65.75214886037797 89.27700848537812 76.51155198711386 153.9716302912772
3170 139.9082677194864 51.09292970678542 55.34562384578356 48.9070702517159 67.17079558308666 92.9209368353831 76.21482120284907 168.4395551287164
3180 135.151586174351 52.21828712419193 41.48309327088145 47.78171283430999 68.50255248044924 96.34586148091985 74.93600917106846 183.580897728898
3190 130.7132842506122 53.41140953833509 28.55476780645215 46.58859042016718 69.7507490847851 99.53596679871609 72.15280567607915 199.2924266828062
3200 126.6033326948901 54.66276787446677 17.50829322208946 45.33723208403549 70.91916172969182 102.4775057095315 67.0721164908654 215.4195904523826
3210 122.8293952809335 55.96352880232548 9.495187775317927 44.03647115617679 72.0119310121097 105.1586738410701 58.79435037933717 231.7104620106824
3220 119.3969825910702 57.30520942317553 5.015638533856149 42.69479053532674 73.03348406798578 107.5695334750573 47.24434515884571 247.7400164726356
3230 116.3095334031048 58.67926141451756 3.077396852447374 41.32073854398426 73.98845885231498 109.7020078786826 34.09332740852354 262.8292759084702
3240 113.568415431868 60.07663883167355 2.224132165910144 39.92336112682806 74.88162777047185 111.5499569317616 21.79234279455897 275.983525209563
3250 111.1728452242872 61.48740280691003 1.649505521994507 38.51259715159158 75.71781893803187 113.1093359717822 12.3840090877086 285.9664855603288
3260 109.1197817057771 62.90095912998914 1.141921175565798 37.09904082851247 76.50183253544525 114.378385892879 6.841330586102487 292.0167484083635
3270 107.4040536710214 64.30796485521337 0.7703574740855291 35.69203510327839 77.23834379604492 115.357602667035 4.374055137756361 294.8555875598839
3280 106.0189735368416 65.70235600539171 0.5714103287977322 34.29764395304825 77.93179219382208 116.0492344034398 3.447521311933287 295.9810685353578
3290 104.9571250789586 67.08096149886737 0.485112519089698 32.91903845951276 78.58628235555925 116.4565926995653 3.113474075420799 296.4014135832375
3300 104.210887220392 68.44205643307156 0.4513557529843099 31.55794352524414 79.2055154699183 116.5835974437655 2.992751015059847 296.5558934103336
3310 103.7726764281045 69.78445138957342 0.4393353430158766 30.21554856867298 79.79274513067477 116.4345785752922 2.951563415840574 296.6091014197673
3320 103.6350434523503 71.1071104214664 0.4365534713350842 28.89288953670776 80.3507478104091 116.0142088713078 2.943390393371155 296.6200563140312
3330 103.790707036262 72.40900793591533 0.4383920048034045 27.59099202218319 80.88180339122667 115.3274897065782 2.952022866551306 296.6095853074486
3340 104.2325580744486 73.68907583942507 0.4432298114006424 26.31092411859439 81.38768418354265 114.3797578760691 2.971858671119178 296.5849116963335
3350 104.9536466065835 74.94618346940827 0.4505473396865053 25.05381648852757 81.86965169889572 113.1767018285833 3.001062007898111 296.5483908313138
3360 105.9471564993745 76.17912959004956 0.4602403877699368 23.82087036779905 82.32846041318713 111.7243832214934 3.039184622853709 296.5005751683203
3370 107.206370266052 77.38663926554285 0.4723798942426874 22.61336069221295 82.76436747399123 110.0292623940099 3.086341813525997 296.4412784712221
3380 108.7246258619458 78.56736330567087 0.4871311285577742 21.43263665198749 83.17714699733438 108.098227274768 3.142931376070291 296.3699376744123
3390 110.4952672574179 79.71987974786539 0.5047299246274725 20.28012020969046 83.56610734500556 105.9386255316235 3.209543526876864 296.2857267275893
3400 112.5115906922581 80.84269750728927 0.5254802845173592 19.1573024501589 83.93010959459596 103.5582998472158 3.286939848354872 296.1875800462792
3410 114.7667886151474 81.93426260549548 0.549761232605934 18.06573735183794 84.26758530777794 100.9656262111471 3.376059292553217 296.074179654056
3420 117.2538933678206 82.99296752371734 0.5780391051125199 17.00703243349754 84.57655165225292 98.16955511400765 3.478037079563672 295.9439239946092
3430 119.9657226830932 84.01716429569453 0.6108844721793483 15.98283566139542 84.85462191749875 95.17965553348169 3.594232049436774 295.7948836577484
3440 122.8948290357253 85.0051819715429 0.6489940996174098 14.99481798541562 85.09900945969538 92.00616163864115 3.726261483584743 295.6247445962518
3450 126.0334548219917 85.95534903809605 0.6932189842329975 14.04465091872534 85.30652309261167 88.66002221945362 3.87604367188755 295.4307375234346
3460 129.3734952459706 86.86602125108271 0.7445999722781346 13.13397870559828 85.47355188629385 85.15295300122371 4.045848940378511 295.209551267013
3470 132.9064706531535 87.7356150948266 0.8044129547319739 12.26438486170447 85.59603722512206 81.49749225386165 4.238359897404462 294.9572273276647
3480 136.6235098445278 88.56264671306192 0.8742261891292906 11.43735324331413 85.66942979721802 77.70706048911431 4.456741370335176 294.6690326204895
3490 140.5153456082147 89.34577563739082 0.9559729484898954 10.65422431882754 85.68862893218231 73.79602558925927 4.704719786998048 294.3393074446431
3500 144.5723232922877 90.08385198702393 1.052043437030994 9.916147969041955 85.64790137960166 69.77977545662496 4.986670380655237 293.9612863626516
3510 148.7844226532171 90.77596506635325 1.165400692107786 9.224034889537956 85.54077625359425 65.67480122063782 5.307708218736074 293.5268912697392
3520 153.1412924584673 91.42149052907857 1.299725892996603 8.578509426649696 85.35991252208987 61.49879514601859 5.673775205725881 293.026499082144
3530 157.6322963791642 92.02013263540881 1.45959887464904 7.979867320158078 85.09693522399211 57.27076852264792 6.091709334754334 292.4486919717925
3540 162.246567616548 92.57195776019353 1.650719239618344 7.428042195226916 84.74223680164992 53.01119570684134 6.56927405131207 291.7800068906598
3550 166.973068530713 93.0774153742225 1.88017146982433 6.922584581054911 84.28474100240184 48.74219059115793 7.115114506379786 291.004714205843
3560 171.8006503840847 93.53734333768122 2.15673253556499 6.462656617457539 83.71162955989998 44.48772017951304 7.738594578915716 290.1046730681036
3570 176.7181073004857 93.95295554339778 2.491210650375007 6.047044411604657 83.00803775556705 40.27385506664214 8.449456738168189 289.0593327946434
3580 181.7142178034508 94.32581163357871 2.896786242166689 5.674188321292854 82.15673638827123 36.12904593014402 9.257242332780626 287.84597160891
3590 186.7777669526707 94.6577704628115 3.389297828994923 5.342229491937545 81.13783841617722 32.08439475214954 10.17042322265731 286.4402791329733
3600 191.8975422490215 94.95093087209503 3.987374666952719 5.049069082537116 79.92860388748332 28.17385398358793 11.19524046741701 284.8173850511194
3610 197.0622972446476 95.20756482541296 4.712268655207144 4.792435129109082 78.50347269933695 24.43423017513804 12.33433329151988 282.9533982397248
3620 202.2606783693728 95.43004874657407 5.587196331781652 4.569951207845746 76.83453386948705 20.90478787922878 13.58536857916552 280.8274352765353
3630 207.4811132109915 95.62079880503407 6.636003611948246 4.379201149291294 74.89273119512593 17.62615571087569 14.94001428880877 278.4239822878206
3640 212.7116628387959 95.78221491874237 7.88106392857728 4.217785035495516 72.6501630149304 14.63817426209846 16.38366823639997 275.7352680247357
3650 217.9398470289647 95.91663651558613 9.340556625418669 4.083363438571599 70.08375465238674 11.97639843332526 17.89626893323783 272.7631746320453
3660 223.1524586918468 96.02631091590246 11.02561917469091 3.973689038181817 67.18021311333796 9.667328308317813 19.45423404193038 269.5201469750175
3670 228.3353893941697 96.11337299146574 12.93817164932331 3.886626962551765 63.94143149450891 7.723179223842807 21.03316658508498 266.0286619580536
3680 233.4734860966608 96.17983305131233 15.07023114770325 3.82016690264402 60.3886390614835 6.137874954697524 22.6106354964003 262.3191335490787
3690 238.5504453695991 96.22756922961972 17.40511115716067 3.772430724281439 56.56330658191762 4.886248161703747 24.16828698027977 258.426602056333
3700 243.5487282342911 96.25832126829918 19.92018099617743 3.741678685551635 52.52381798831708 3.927453891038846 25.69283349363223 254.3869857044251
3710 248.4494598714447 96.27368419218261 22.59027198583068 3.726315761622673 48.33890278728188 3.211637455394349 27.17592829637479 250.2337999123804
3720 253.2322792559271 96.27510211998738 25.3907274904818 3.724897833776725 44.08033582676305 2.687385031956762 28.6132939345408 245.9959787698192
3730 257.8751282719788 96.2638634763819 28.29947923620582 3.736136477344786 39.81730032732818 2.307571515925598 30.0035739922255 241.6969469665952
3740 262.3540089352291 96.2410988782226 31.29805097729785 3.758901075469552 35.61344949384087 2.032541686824715 31.34726147906916 237.3546877387871
3750 266.6427811241093 96.20778230279652 34.37173490740295 3.792217650864381 31.52631926441134 1.830899728116331 32.64587069063509 232.9823945972049
3760 270.7131203639078 96.16473535914012 37.50928222664452 3.835264594491837 27.60807625310238 1.678803500469304 33.90137493292234 228.5893430357371
3770 274.5348089882683 96.1126339411144 40.70238724512583 3.887366012490155 23.90655626064832 1.558634869515228 35.11586157159649 224.1817513786237
3780 278.0765892367427 96.0520163339519 43.94513490278401 3.947983619626981 20.46578532454957 1.457625558193675 36.29133953414556 219.7635257584487
3790 281.3078337657053 95.98329190150496 47.23348708583765 4.016708052049268 17.32543634924954 1.366730005681613 37.42964424410273 215.3368688654641
3800 284.2012205160008 95.906749687077 50.56482174511333 4.093250266453597 14.51894063499469 1.279838970922446 38.532401737329 210.9027767129856
3810 286.7363412855858 95.8225665237738 53.93750868663191 4.17743342973332 12.07035492247655 1.193303915098213 39.60102848473456 206.4614630240858
3820 288.9036807846387 95.73081450239214 57.35050170617344 4.269185451091507 9.990663250664218 1.10565608909246 40.63675338493997 202.0127451043645
3830 290.7078236318967 95.63146782596343 60.80294371088004 4.368532127496219 8.274829201401852 1.017347292339753 41.64065327429241 197.5564032103316
3840 292.1685049093186 95.52440913499309 64.29381063804551 4.475590818442458 6.901151622855892 0.9303435947625944 42.61369421437616 193.0924953431177
3850 293.3186634509058 95.40943529253992 67.82164346211412 4.590564660870567 5.833832860457381 0.8475038167266868 43.55677005815591 188.6215866754203
3860 294.1998978986686 95.28626242144546 71.38441508013273 4.713737531939305 5.028264472767249 0.7718377576433583 44.47073029482633 184.1448548208691
3870 294.8568583106994 95.15452980574784 74.97954540167085 4.845470147609658 4.437290048771525 0.7058517704067057 45.35639260853719 179.6640621857399
3880 295.3323187041239 95.01380222075075 78.60403291859086 4.986197732578137 4.016519416266527 0.6511620101343496 46.21454085602178 175.1814264214355
3890 295.663972815798 94.86357036822065 82.25464255070523 5.136429585077704 3.727605095935724 0.6084222192983484 47.04591341738059 170.6994442280423
3900 295.8830584890072 94.70324929152947 85.92809027271146 5.296750661736628 3.539456122792623 0.5774855196296667 47.85118817336827 166.2207217501071
3910 296.0143317591898 94.53217482660406 89.62118620576291 5.467825126627489 3.427996916537326 0.5576714560141404 48.63096901738002 161.7478449730827
3920 296.0767838440543 94.34959824517247 93.33092284727111 5.650401708021858 3.375183599450165 0.5480326884815901 49.38577641299728 157.2833009359784
3930 296.0846291084547 94.15467926169248 97.05451284074279 5.84532069146198 3.367805638538605 0.5475653851888378 50.11604243644424 152.8294449190608
3940 296.048286127531 93.94647753296131 100.789388753756 6.053522420150555 3.39636462797836 0.5553493768354391 50.82210954222437 148.3885019002524
3950 295.9752261380143 93.7239427133317 104.5331783401132 6.276057239733617 3.454146459380378 0.5706275350899174 51.50423187492144 143.9625899811688
3960 295.8706539435716 93.48590306247561 108.2836662641385 6.514096890539425 3.536504367313629 0.5928418217215745 52.16257801280333 139.553755919218
3970 295.7380301258227 93.23105254879557 112.0387498220414 6.768947404165079 3.640327173045515 0.6216428338517515 52.79723429192664 135.1640160821309
3980 295.5794594369097 92.9579363539014 115.7963931089115 7.042063599000024 3.763654904245181 0.6568857916650411 53.40820815365245 130.7953989334623
3990 295.3959725737921 92.66493466224873 119.5545817775039 7.335065290587829 3.905405850274763 0.6986217088502126 53.99543120810772 126.4499872103908
4000 295.1877252852116 92.35024461462697 123.3112789994512 7.649755338138236 4.065185731486275 0.7470891163180573 54.55876189286301 122.1299593037713
